0.0 0.0 0.5 0.0 0.0 0.5 0.07142857142857142 0.07142857142857142 0.35714285714285715 0.07142857142857142 0.07142857142857142 0.35714285714285715
0.5 0.0 1.0 0.0 1.0 0.5 0.6428571428571429 0.07142857142857142 0.9285714285714286 0.07142857142857142 0.9285714285714286 0.35714285714285715
1.0 0.5 1.0 1.0 0.5 1.0 0.9285714285714286 0.6428571428571429 0.9285714285714286 0.9285714285714286 0.6428571428571429 0.9285714285714286
0.0 0.5 0.5 1.0 0.0 1.0 0.07142857142857142 0.6428571428571429 0.35714285714285715 0.9285714285714286 0.07142857142857142 0.9285714285714286
0.0 0.5 0.25 0.25 0.25 0.75 0.07142857142857142 0.5 0.21428571428571427 0.35714285714285715 0.21428571428571427 0.6428571428571429
0.25 0.25 0.5 0.0 0.75 0.25 0.5 0.07142857142857142 0.6428571428571429 0.21428571428571427 0.35714285714285715 0.21428571428571427
0.75 0.25 1.0 0.5 0.75 0.75 0.7857142857142857 0.35714285714285715 0.9285714285714286 0.5 0.7857142857142857 0.6428571428571429
0.75 0.75 0.5 1.0 0.25 0.75 0.6428571428571429 0.7857142857142857 0.5 0.9285714285714286 0.35714285714285715 0.7857142857142857
0.25 0.25 0.5 0.25 0.25 0.5 0.2857142857142857 0.2857142857142857 0.42857142857142855 0.2857142857142857 0.2857142857142857 0.42857142857142855
0.5 0.25 0.75 0.25 0.75 0.5 0.5714285714285714 0.2857142857142857 0.7142857142857143 0.2857142857142857 0.7142857142857143 0.42857142857142855
0.75 0.5 0.75 0.75 0.5 0.75 0.7142857142857143 0.5714285714285714 0.7142857142857143 0.7142857142857143 0.5714285714285714 0.7142857142857143
0.5 0.75 0.25 0.75 0.25 0.5 0.42857142857142855 0.7142857142857143 0.2857142857142857 0.7142857142857143 0.2857142857142857 0.5714285714285714
